S1=[0,1,0,0,0,0,0,0;
    0,0,0,1,0,0,0,0;
    0,0,0,0,0,1,0,0;
    0,0,0,0,0,0,0,1]';
S2=[1,0,0,0,0,0,0,0;
    0,0,1,0,0,0,0,0;
    0,0,0,0,1,0,0,0;
    0,0,0,0,0,0,1,0]';
S3=[1,1,0,0,0,0,0,0;
    0,1,1,0,0,0,0,0;
    0,0,1,1,0,0,0,0;
    0,0,0,1,1,0,0,0;
    0,0,0,0,1,1,0,0;
    0,0,0,0,0,1,1,0
    0,0,0,0,0,0,1,1;
    1,0,0,0,0,0,0,1]';
TK4=[1,0,1,0,0,0,0,0;
    0,0,1,0,1,0,0,0;
    0,0,0,0,1,0,1,0;
    1,0,0,0,0,0,1,0]';
STK4=[1,1,0,0,0,0,0,1;
    0,1,1,1,0,0,0,0;
    0,0,0,1,1,1,0,0;
    0,0,0,0,0,1,1,1]';
ST5=[1,0,1,1,0,0,0,0;
    1,0,1,0,0,0,0,1;
    0,1,1,0,1,0,0,0;
    1,1,0,0,0,0,1,0;
    1,1,1,0,0,0,0,0;
    0,0,1,1,1,0,0,0;
    0,0,0,0,1,1,1,0;
    1,0,0,0,0,0,1,1]';
ST6=[1,0,1,1,0,0,0,1;
    0,1,1,0,1,1,0,0]';
STK6=[1,1,1,1,0,0,0,0;
    1,1,1,0,0,0,0,1;
    0,1,1,1,1,0,0,0;
    0,0,1,1,1,1,0,0;
    0,0,0,1,1,1,1,0;
    0,0,0,0,1,1,1,1;
    1,0,0,0,0,1,1,1;
    1,1,0,0,0,0,1,1]';
STK7=[1,1,1,1,0,0,0,1;
    0,1,1,1,1,1,0,0;
    0,0,0,1,1,1,1,1;
    1,1,0,0,0,1,1,1]';
STK8=[1,1,1,0,0,0,1,1;
    1,1,1,1,1,0,0,0;
    0,0,1,1,1,1,1,0;
    1,0,0,0,1,1,1,1]';
STK9=[1,1,1,1,0,0,1,1;
    1,1,1,0,0,1,1,1;
    1,1,1,1,1,1,0,0;
    1,1,1,1,1,0,0,1;
    0,1,1,1,1,1,1,0;
    0,0,1,1,1,1,1,1;
    1,0,0,1,1,1,1,1;
    1,1,0,0,1,1,1,1]';
STK10=[1,1,1,1,0,1,1,1;
    1,1,1,1,1,1,0,1;
    0,1,1,1,1,1,1,1;
    1,1,0,1,1,1,1,1]';
K11=[1,1,1,1,1,0,1,1;
    1,1,1,1,1,1,1,0;
    1,0,1,1,1,1,1,1;
    1,1,1,0,1,1,1,1]';

